0 0.614627 0.671111 0.088809 0.036520
1 0.589094 0.670598 0.006852 0.027697
2 0.595766 0.671521 0.007213 0.026773
2 0.604241 0.672444 0.010458 0.024927
1 0.618125 0.672213 0.008655 0.026312
1 0.626420 0.670950 0.008655 0.026555
1 0.634174 0.673367 0.006852 0.025850
1 0.641567 0.670598 0.007934 0.028620
0 0.056460 0.454049 0.071931 0.034463
1 0.038227 0.452256 0.005049 0.023081
1 0.043817 0.454333 0.003967 0.023542
1 0.049587 0.454333 0.005409 0.024465
1 0.059144 0.454795 0.006491 0.022619
1 0.065275 0.455718 0.005770 0.023542
1 0.071766 0.453871 0.005049 0.024465
1 0.078618 0.454795 0.010098 0.024465